125
1124
2123
3122
4121
5120
6119
7118
8117
9116
10115
11114
12113
13112
14111
15110
16109
17108
18107
19106
20105
21104
22103
23102
24101
25100
26099
27098
28097
29096
30095
31094
32093
33092
34091
35090
36089
37088
38087
39086
40085
41084
42083
43082
44081
45080
46079
47078
48077
49076
50075
51074
52073
53072
54071
55070
56069
57068
58067
59066
60065
61064
62063
63062
64061
65060
66059
67058
68057
69056
70055
71054
72053
73052
74051
75050
76049
77048
78047
79046
80045
81044
82043
83042
84041
85040
86039
87038
88037
89036
90035
91034
92033
93032
94031
95030
96029
97028
98027
99026
100025
101024
102023
103022
104021
105020
106019
107018
108017
109016
110015
111014
112013
113012
114011
115010
116009
117008
118007
119006
120005
121004
122003
123002
124001
125000
125999
126998
127997
128996
129995
130994
131993
132992
133991
134990
135989
136988
137987
138986
139985
140984
141983
142982
143981
144980
145979
146978
147977
148976
149975
150974
151973
152972
153971
154970
155969
156968
157967
158966
159965
160964
161963
162962
163961
164960
165959
166958
167957
168956
169955
170954
171953
172952
173951
174950
175949
176948
177947
178946
179945
180944
181943
182942
183941
184940
185939
186938
187937
188936
189935
190934
191933
192932
193931
194930
195929
196928
197927
198926
199925
200924
201923
202922
203921
204920
205919
206918
207917
208916
209915
210914
211913
212912
213911
214910
215909
216908
217907
218906
219905
220904
221903
222902
223901
224900
225899
226898
227897
228896
229895
230894
231893
232892
233891
234890
235889
236888
237887
238886
239885
240884
241883
242882
243881
244880
245879
246878
247877
248876
249875
250874
251873
252872
253871
254870
255869
256868
257867
258866
259865
260864
261863
262862
263861
264860
265859
266858
267857
268856
269855
270854
271853
272852
273851
274850
275849
276848
277847
278846
279845
280844
281843
282842
283841
284840
285839
286838
287837
288836
289835
290834
291833
292832
293831
294830
295829
296828
297827
298826
299825
300824
301823
302822
303821
304820
305819
306818
307817
308816
309815
310814
311813
312812
313811
314810
315809
316808
317807
318806
319805
320804
321803
322802
323801
324800
325799
326798
327797
328796
329795
330794
331793
332792
333791
334790
335789
336788
337787
338786
339785
340784
341783
342782
343781
344780
345779
346778
347777
348776
349775
350774
351773
352772
353771
354770
355769
356768
357767
358766
359765
360764
361763
362762
363761
364760
365759
366758
367757
368756
369755
370754
371753
372752
373751
374750
375749
376748
377747
378746
379745
380744
381743
382742
383741
384740
385739
386738
387737
388736
389735
390734
391733
392732
393731
394730
395729
396728
397727
398726
399725
400724
401723
402722
403721
404720
405719
406718
407717
408716
409715
410714
411713
412712
413711
414710
415709
416708
417707
418706
419705
420704
421703
422702
423701
424700
425699
426698
427697
428696
429695
430694
431693
432692
433691
434690
435689
436688
437687
438686
439685
440684
441683
442682
443681
444680
445679
446678
447677
448676
449675
450674
451673
452672
453671
454670
455669
456668
457667
458666
459665
460664
461663
462662
463661
464660
465659
466658
467657
468656
469655
470654
471653
472652
473651
474650
475649
476648
477647
478646
479645
480644
481643
482642
483641
484640
485639
486638
487637
488636
489635
490634
491633
492632
493631
494630
495629
496628
497627
498626
499625
500624
501623
502622
503621
504620
505619
506618
507617
508616
509615
510614
511613
512612
513611
514610
515609
516608
517607
518606
519605
520604
521603
522602
523601
524600
525599
526598
527597
528596
529595
530594
531593
532592
533591
534590
535589
536588
537587
538586
539585
540584
541583
542582
543581
544580
545579
546578
547577
548576
549575
550574
551573
552572
553571
554570
555569
556568
557567
558566
559565
560564
561563
562562
563561
564560
565559
566558
567557
568556
569555
570554
571553
572552
573551
574550
575549
576548
577547
578546
579545
580544
581543
582542
583541
584540
585539
586538
587537
588536
589535
590534
591533
592532
593531
594530
595529
596528
597527
598526
599525
600524
601523
602522
603521
604520
605519
606518
607517
608516
609515
610514
611513
612512
613511
614510
615509
616508
617507
618506
619505
620504
621503
622502
623501
624500
625499
626498
627497
628496
629495
630494
631493
632492
633491
634490
635489
636488
637487
638486
639485
640484
641483
642482
643481
644480
645479
646478
647477
648476
649475
650474
651473
652472
653471
654470
655469
656468
657467
658466
659465
660464
661463
662462
663461
664460
665459
666458
667457
668456
669455
670454
671453
672452
673451
674450
675449
676448
677447
678446
679445
680444
681443
682442
683441
684440
685439
686438
687437
688436
689435
690434
691433
692432
693431
694430
695429
696428
697427
698426
699425
700424
701423
702422
703421
704420
705419
706418
707417
708416
709415
710414
711413
712412
713411
714410
715409
716408
717407
718406
719405
720404
721403
722402
723401
724400
725399
726398
727397
728396
729395
730394
731393
732392
733391
734390
735389
736388
737387
738386
739385
740384
741383
742382
743381
744380
745379
746378
747377
748376
749375
750374
751373
752372
753371
754370
755369
756368
757367
758366
759365
760364
761363
762362
763361
764360
765359
766358
767357
768356
769355
770354
771353
772352
773351
774350
775349
776348
777347
778346
779345
780344
781343
782342
783341
784340
785339
786338
787337
788336
789335
790334
791333
792332
793331
794330
795329
796328
797327
798326
799325
800324
801323
802322
803321
804320
805319
806318
807317
808316
809315
810314
811313
812312
813311
814310
815309
816308
817307
818306
819305
820304
821303
822302
823301
824300
825299
826298
827297
828296
829295
830294
831293
832292
833291
834290
835289
836288
837287
838286
839285
840284
841283
842282
843281
844280
845279
846278
847277
848276
849275
850274
851273
852272
853271
854270
855269
856268
857267
858266
859265
860264
861263
862262
863261
864260
865259
866258
867257
868256
869255
870254
871253
872252
873251
874250
875249
876248
877247
878246
879245
880244
881243
882242
883241
884240
885239
886238
887237
888236
889235
890234
891233
892232
893231
894230
895229
896228
897227
898226
899225
900224
901223
902222
903221
904220
905219
906218
907217
908216
909215
910214
911213
912212
913211
914210
915209
916208
917207
918206
919205
920204
921203
922202
923201
924200
925199
926198
927197
928196
929195
930194
931193
932192
933191
934190
935189
936188
937187
938186
939185
940184
941183
942182
943181
944180
945179
946178
947177
948176
949175
950174
951173
952172
953171
954170
955169
956168
957167
958166
959165
960164
961163
962162
963161
964160
965159
966158
967157
968156
969155
970154
971153
972152
973151
974150
975149
976148
977147
978146
979145
980144
981143
982142
983141
984140
985139
986138
987137
988136
989135
990134
991133
992132
993131
994130
995129
996128
997127
998126
999125
1000124
1001123
1002122
1003121
1004120
1005119
1006118
1007117
1008116
1009115
1010114
1011113
1012112
1013111
1014110
1015109
1016108
1017107
1018106
1019105
1020104
1021103
1022102
1023101
1024100
1025099
1026098
1027097
1028096
1029095
1030094
1031093
1032092
1033091
1034090
1035089
1036088
1037087
1038086
1039085
1040084
1041083
1042082
1043081
1044080
1045079
1046078
1047077
1048076
1049075
1050074
1051073
1052072
1053071
1054070
1055069
1056068
1057067
1058066
1059065
1060064
1061063
1062062
1063061
1064060
1065059
1066058
1067057
1068056
1069055
1070054
1071053
1072052
1073051
1074050
1075049
1076048
1077047
1078046
1079045
1080044
1081043
1082042
1083041
1084040
1085039
1086038
1087037
1088036
1089035
1090034
1091033
1092032
1093031
1094030
1095029
1096028
1097027
1098026
1099025
1100024
1101023
1102022
1103021
1104020
1105019
1106018
1107017
1108016
1109015
1110014
1111013
1112012
1113011
1114010
1115009
1116008
1117007
1118006
1119005
1120004
1121003
1122002
1123001
1124000
1124999
1125998
1126997
1127996
1128995
1129994
1130993
1131992
1132991
1133990
1134989
1135988
1136987
1137986
1138985
1139984
1140983
1141982
1142981
1143980
1144979
1145978
1146977
1147976
1148975
1149974
1150973
1151972
1152971
1153970
1154969
1155968
1156967
1157966
1158965
1159964
1160963
1161962
1162961
1163960
1164959
1165958
1166957
1167956
1168955
1169954
1170953
1171952
1172951
1173950
1174949
1175948
1176947
1177946
1178945
1179944
1180943
1181942
1182941
1183940
1184939
1185938
1186937
1187936
1188935
1189934
1190933
1191932
1192931
1193930
1194929
1195928
1196927
1197926
1198925
1199924
1200923
1201922
1202921
1203920
1204919
1205918
1206917
1207916
1208915
1209914
1210913
1211912
1212911
1213910
1214909
1215908
1216907
1217906
1218905
1219904
1220903
1221902
1222901
1223900
1224899
1225898
1226897
1227896
1228895
1229894
1230893
1231892
1232891
1233890
1234889
1235888
1236887
1237886
1238885
1239884
1240883
1241882
1242881
1243880
1244879
1245878
1246877
1247876
1248875
1249874
1250873
1251872
1252871
1253870
1254869
1255868
1256867
1257866
1258865
1259864
1260863
1261862
1262861
1263860
1264859
1265858
1266857
1267856
1268855
1269854
1270853
1271852
1272851
1273850
1274849
1275848
1276847
1277846
1278845
1279844
1280843
1281842
1282841
1283840
1284839
1285838
1286837
1287836
1288835
1289834
1290833
1291832
1292831
1293830
1294829
1295828
1296827
1297826
1298825
1299824
1300823
1301822
1302821
1303820
1304819
1305818
1306817
1307816
1308815
1309814
1310813
1311812
1312811
1313810
1314809
1315808
1316807
1317806
1318805
1319804
1320803
1321802
1322801
1323800
1324799
1325798
1326797
1327796
1328795
1329794
1330793
1331792
1332791
1333790
1334789
1335788
1336787
1337786
1338785
1339784
1340783
1341782
1342781
1343780
1344779
1345778
1346777
1347776
1348775
1349774
1350773
1351772
1352771
1353770
1354769
1355768
1356767
1357766
1358765
1359764
1360763
1361762
1362761
1363760
1364759
1365758
1366757
1367756
1368755
1369754
1370753
1371752
1372751
1373750
1374749
1375748
1376747
1377746
1378745
1379744
1380743
1381742
1382741
1383740
1384739
1385738
1386737
1387736
1388735
1389734
1390733
1391732
1392731
1393730
1394729
1395728
1396727
1397726
1398725
1399724
1400723
1401722
1402721
1403720
1404719
1405718
1406717
1407716
1408715
1409714
1410713
1411712
1412711
1413710
1414709
1415708
1416707
1417706
1418705
1419704
1420703
1421702
1422701
1423700
1424699
1425698
1426697
1427696
1428695
1429694
1430693
1431692
1432691
1433690
1434689
1435688
1436687
1437686
1438685
1439684
1440683
1441682
1442681
1443680
1444679
1445678
1446677
1447676
1448675
1449674
1450673
1451672
1452671
1453670
1454669
1455668
1456667
1457666
1458665
1459664
1460663
1461662
1462661
1463660
1464659
1465658
1466657
1467656
1468655
1469654
1470653
1471652
1472651
1473650
1474649
1475648
1476647
1477646
1478645
1479644
1480643
1481642
1482641
1483640
1484639
1485638
1486637
1487636
1488635
1489634
1490633
1491632
1492631
1493630
1494629
1495628
1496627
1497626
1498625
1499624
1500623
1501622
1502621
1503620
1504619
1505618
1506617
1507616
1508615
1509614
1510613
1511612
1512611
1513610
1514609
1515608
1516607
1517606
1518605
1519604
1520603
1521602
1522601
1523600
1524599
1525598
1526597
1527596
1528595
1529594
1530593
1531592
1532591
1533590
1534589
1535588
1536587
1537586
1538585
1539584
1540583
1541582
1542581
1543580
1544579
1545578
1546577
1547576
1548575
1549574
1550573
1551572
1552571
1553570
1554569
1555568
1556567
1557566
1558565
1559564
1560563
1561562
1562561
1563560
1564559
1565558
1566557
1567556
1568555
1569554
1570553
1571552
1572551
1573550
1574549
1575548
1576547
1577546
1578545
1579544
1580543
1581542
1582541
1583540
1584539
1585538
1586537
1587536
1588535
1589534
1590533
1591532
1592531
1593530
1594529
1595528
1596527
1597526
1598525
1599524
1600523
1601522
1602521
1603520
1604519
1605518
1606517
1607516
1608515
1609514
1610513
1611512
1612511
1613510
1614509
1615508
1616507
1617506
1618505
1619504
1620503
1621502
1622501
1623500
1624499
1625498
1626497
1627496
1628495
1629494
1630493
1631492
1632491
1633490
1634489
1635488
1636487
1637486
1638485
1639484
1640483
1641482
1642481
1643480
1644479
1645478
1646477
1647476
1648475
1649474
1650473
1651472
1652471
1653470
1654469
1655468
1656467
1657466
1658465
1659464
1660463
1661462
1662461
1663460
1664459
1665458
1666457
1667456
1668455
1669454
1670453
1671452
1672451
1673450
1674449
1675448
1676447
1677446
1678445
1679444
1680443
1681442
1682441
1683440
1684439
1685438
1686437
1687436
1688435
1689434
1690433
1691432
1692431
1693430
1694429
1695428
1696427
1697426
1698425
1699424
1700423
1701422
1702421
1703420
1704419
1705418
1706417
1707416
1708415
1709414
1710413
1711412
1712411
1713410
1714409
1715408
1716407
1717406
1718405
1719404
1720403
1721402
1722401
1723400
1724399
1725398
1726397
1727396
1728395
1729394
1730393
1731392
1732391
1733390
1734389
1735388
1736387
1737386
1738385
1739384
1740383
1741382
1742381
1743380
1744379
1745378
1746377
1747376
1748375
1749374
1750373
1751372
1752371
1753370
1754369
1755368
1756367
1757366
1758365
1759364
1760363
1761362
1762361
1763360
1764359
1765358
1766357
1767356
1768355
1769354
1770353
1771352
1772351
1773350
1774349
1775348
1776347
1777346
1778345
1779344
1780343
1781342
1782341
1783340
1784339
1785338
1786337
1787336
1788335
1789334
1790333
1791332
1792331
1793330
1794329
1795328
1796327
1797326
1798325
1799324
1800323
1801322
1802321
1803320
1804319
1805318
1806317
1807316
1808315
1809314
1810313
1811312
1812311
1813310
1814309
1815308
1816307
1817306
1818305
1819304
1820303
1821302
1822301
1823300
1824299
1825298
1826297
1827296
1828295
1829294
1830293
1831292
1832291
1833290
1834289
1835288
1836287
1837286
1838285
1839284
1840283
1841282
1842281
1843280
1844279
1845278
1846277
1847276
1848275
1849274
1850273
1851272
1852271
1853270
1854269
1855268
1856267
1857266
1858265
1859264
1860263
1861262
1862261
1863260
1864259
1865258
1866257
1867256
1868255
1869254
1870253
1871252
1872251
1873250
1874249
1875248
1876247
1877246
1878245
1879244
1880243
1881242
1882241
1883240
1884239
1885238
1886237
1887236
1888235
1889234
1890233
1891232
1892231
1893230
1894229
1895228
1896227
1897226
1898225
1899224
1900223
1901222
1902221
1903220
1904219
1905218
1906217
1907216
1908215
1909214
1910213
1911212
1912211
1913210
1914209
1915208
1916207
1917206
1918205
1919204
1920203
1921202
1922201
1923200
1924199
1925198
1926197
1927196
1928195
1929194
1930193
1931192
1932191
1933190
1934189
1935188
1936187
1937186
1938185
1939184
1940183
1941182
1942181
1943180
1944179
1945178
1946177
1947176
1948175
1949174
1950173
1951172
1952171
1953170
1954169
1955168
1956167
1957166
1958165
1959164
1960163
1961162
1962161
1963160
1964159
1965158
1966157
1967156
1968155
1969154
1970153
1971152
1972151
1973150
1974149
1975148
1976147
1977146
1978145
1979144
1980143
1981142
1982141
1983140
1984139
1985138
1986137
1987136
1988135
1989134
1990133
1991132
1992131
1993130
1994129
1995128
1996127
1997126
1998125
1999124
2000123
2001122
2002121
2003120
2004119
2005118
2006117
2007116
2008115
2009114
2010113
2011112
2012111
2013110
2014109
2015108
2016107
2017106
2018105
2019104
2020103
2021102
2022101
2023100
2024099
2025098
2026097
2027096
2028095
2029094
2030093
2031092
2032091
2033090
2034089
2035088
2036087
2037086
2038085
2039084
2040083
2041082
2042081
2043080
2044079
2045078
2046077
2047076
2048075
2049074
2050073
2051072
2052071
2053070
2054069
2055068
2056067
2057066
2058065
2059064
2060063
2061062
2062061
2063060
2064059
2065058
2066057
2067056
2068055
2069054
2070053
2071052
2072051
2073050
2074049
2075048
2076047
2077046
2078045
2079044
2080043
2081042
2082041
2083040
2084039
2085038
2086037
2087036
2088035
2089034
2090033
2091032
2092031
2093030
2094029
2095028
2096027
2097026
2098025
2099024
2100023
2101022
2102021
2103020
2104019
2105018
2106017
2107016
2108015
2109014
2110013
2111012
2112011
2113010
2114009
2115008
2116007
2117006
2118005
2119004
2120003
2121002
2122001
2123000
2123999
2124998
2125997
2126996
2127995
2128994
2129993
2130992
2131991
2132990
2133989
2134988
2135987
2136986
2137985
2138984
2139983
2140982
2141981
2142980
2143979
2144978
2145977
2146976
2147975
2148974
2149973
2150972
2151971
2152970
2153969
2154968
2155967
2156966
2157965
2158964
2159963
2160962
2161961
2162960
2163959
2164958
2165957
2166956
2167955
2168954
2169953
2170952
2171951
2172950
2173949
2174948
2175947
2176946
2177945
2178944
2179943
2180942
2181941
2182940
2183939
2184938
2185937
2186936
2187935
2188934
2189933
2190932
2191931
2192930
2193929
2194928
2195927
2196926
2197925
2198924
2199923
2200922
2201921
2202920
2203919
2204918
2205917
2206916
2207915
2208914
2209913
2210912
2211911
2212910
2213909
2214908
2215907
2216906
2217905
2218904
2219903
2220902
2221901
2222900
2223899
2224898
2225897
2226896
2227895
2228894
2229893
2230892
2231891
2232890
2233889
2234888
2235887
2236886
2237885
2238884
2239883
2240882
2241881
2242880
2243879
2244878
2245877
2246876
2247875
2248874
2249873
2250872
2251871
2252870
2253869
2254868
2255867
2256866
2257865
2258864
2259863
2260862
2261861
2262860
2263859
2264858
2265857
2266856
2267855
2268854
2269853
2270852
2271851
2272850
2273849
2274848
2275847
2276846
2277845
2278844
2279843
2280842
2281841
2282840
2283839
2284838
2285837
2286836
2287835
2288834
2289833
2290832
2291831
2292830
2293829
2294828
2295827
2296826
2297825
2298824
2299823
2300822
2301821
2302820
2303819
2304818
2305817
2306816
2307815
2308814
2309813
2310812
2311811
2312810
2313809
2314808
2315807
2316806
2317805
2318804
2319803
2320802
2321801
2322800
2323799
2324798
2325797
2326796
2327795
2328794
2329793
2330792
2331791
2332790
2333789
2334788
2335787
2336786
2337785
2338784
2339783
2340782
2341781
2342780
2343779
2344778
2345777
2346776
2347775
2348774
2349773
2350772
2351771
2352770
2353769
2354768
2355767
2356766
2357765
2358764
2359763
2360762
2361761
2362760
2363759
2364758
2365757
2366756
2367755
2368754
2369753
2370752
2371751
2372750
2373749
2374748
2375747
2376746
2377745
2378744
2379743
2380742
2381741
2382740
2383739
2384738
2385737
2386736
2387735
2388734
2389733
2390732
2391731
2392730
2393729
2394728
2395727
2396726
2397725
2398724
2399723
2400722
2401721
2402720
2403719
2404718
2405717
2406716
2407715
2408714
2409713
2410712
2411711
2412710
2413709
2414708
2415707
2416706
2417705
2418704
2419703
2420702
2421701
2422700
2423699
2424698
2425697
2426696
2427695
2428694
2429693
2430692
2431691
2432690
2433689
2434688
2435687
2436686
2437685
2438684
2439683
2440682
2441681
2442680
2443679
2444678
2445677
2446676
2447675
2448674
2449673
2450672
2451671
2452670
2453669
2454668
2455667
2456666
2457665
2458664
2459663
2460662
2461661
2462660
2463659
2464658
2465657
2466656
2467655
2468654
2469653
2470652
2471651
2472650
2473649
2474648
2475647
2476646
2477645
2478644
2479643
2480642
2481641
2482640
2483639
2484638
2485637
2486636
2487635
2488634
2489633
2490632
2491631
2492630
2493629
2494628
2495627
2496626
2497625
2498624
2499623
2500622
2501621
2502620
2503619
2504618
2505617
2506616
2507615
2508614
2509613
2510612
2511611
2512610
2513609
2514608
2515607
2516606
2517605
2518604
2519603
2520602
2521601
2522600
2523599
2524598
2525597
2526596
2527595
2528594
2529593
2530592
2531591
2532590
2533589
2534588
2535587
2536586
2537585
2538584
2539583
2540582
2541581
2542580
2543579
2544578
2545577
2546576
2547575
2548574
2549573
2550572
2551571
2552570
2553569
2554568
2555567
2556566
2557565
2558564
2559563
2560562
2561561
2562560
2563559
2564558
2565557
2566556
2567555
2568554
2569553
2570552
2571551
2572550
2573549
2574548
2575547
2576546
2577545
2578544
2579543
2580542
2581541
2582540
2583539
2584538
2585537
2586536
2587535
2588534
2589533
2590532
2591531
2592530
2593529
2594528
2595527
2596526
2597525
2598524
2599523
2600522
2601521
2602520
2603519
2604518
2605517
2606516
2607515
2608514
2609513
2610512
2611511
2612510
2613509
2614508
2615507
2616506
2617505
2618504
2619503
2620502
